#
# This matrix was created by Todd Lowe   12/10/92
# modified by Kemin Zhou 10/6/2000 for DNA element in 5'-region
#
# Uses ambiguous nucleotide codes, probabilities rounded to
#  nearest integer
#
# Lowest score = -4, Highest score = 5
#
    A   T   G   C   S   W   R   Y   K   M   B   V   H   D    N
A  10 -11 -10 -11  -4   1   1  -4  -4   1  -4  -1  -1  -1  -10
T -11  10 -11 -10  -4   1  -4   1   1  -4  -1  -4  -1  -1  -10
G -10 -11  10 -11   1  -4   1  -4   1  -4  -1  -1  -4  -1  -10
C -11 -10 -11  10   1  -4  -4   1  -4   1  -1  -1  -1  -4  -10
S  -4  -4   1   1  -1  -4  -2  -2  -2  -2  -1  -1  -3  -3   -9
W   1   1  -4  -4  -4  -1  -2  -2  -2  -2  -3  -3  -1  -1   -9
R   1  -4   1  -4  -2  -2  -1  -4  -2  -2  -3  -1  -3  -1   -9
Y  -4   1  -4   1  -2  -2  -4  -1  -2  -2  -1  -3  -1  -3   -9
K  -4   1   1  -4  -2  -2  -2  -2  -1  -4  -1  -3  -3  -1   -9
M   1  -4  -4   1  -2  -2  -2  -2  -4  -1  -3  -1  -1  -3   -9
B  -4  -1  -1  -1  -1  -3  -3  -1  -1  -3  -1  -2  -2  -2   -9
V  -1  -4  -1  -1  -1  -3  -1  -3  -3  -1  -2  -1  -2  -2   -9
H  -1  -1  -4  -1  -3  -1  -3  -1  -3  -1  -2  -2  -1  -2   -9
D  -1  -1  -1  -4  -3  -1  -1  -3  -1  -3  -2  -2  -2  -1   -9
N -10 -10 -10 -10  -9  -9  -9  -9  -9  -9  -9  -9  -9  -9   -9

