#
#
# Kemin Zhou 10/6/2000 for DNA element in 5'-region
#
# Uses ambiguous nucleotide codes, probabilities rounded to
#  nearest integer
#
# Lowest score = -19, Highest score = 14
#
    A   T   G   C   S   W   R   Y   K   M   B   V   H   D    N
A  10 -19 -17 -19  -4   1   1  -4  -4   1  -4  -1  -1  -1  -14
T -19  10 -19 -17  -4   1  -4   1   1  -4  -1  -4  -1  -1  -14
G -17 -19  10 -19   1  -4   1  -4   1  -4  -1  -1  -4  -1  -14
C -19 -17 -19  10   1  -4  -4   1  -4   1  -1  -1  -1  -4  -14
S  -4  -4   1   1  -1  -4  -2  -2  -2  -2  -1  -1  -3  -3  -13
W   1   1  -4  -4  -4  -1  -2  -2  -2  -2  -3  -3  -1  -1  -13
R   1  -4   1  -4  -2  -2  -1  -4  -2  -2  -3  -1  -3  -1  -13
Y  -4   1  -4   1  -2  -2  -4  -1  -2  -2  -1  -3  -1  -3  -13
K  -4   1   1  -4  -2  -2  -2  -2  -1  -4  -1  -3  -3  -1  -13
M   1  -4  -4   1  -2  -2  -2  -2  -4  -1  -3  -1  -1  -3  -13
B  -4  -1  -1  -1  -1  -3  -3  -1  -1  -3  -1  -2  -2  -2  -13
V  -1  -4  -1  -1  -1  -3  -1  -3  -3  -1  -2  -1  -2  -2  -13
H  -1  -1  -4  -1  -3  -1  -3  -1  -3  -1  -2  -2  -1  -2  -13
D  -1  -1  -1  -4  -3  -1  -1  -3  -1  -3  -2  -2  -2  -1  -13
N -14 -14 -14 -14 -13 -13 -13 -13 -13 -13 -13 -13 -13 -13  -13

